Year, Tritium [kg]
2007.0061582188537, 22.545454545454547
2007.9914732354334, 23.927272727272722
2008.9767882520132, 25.381818181818183
2010.0378967314068, 26.436363636363637
2011.0232117479868, 27.01818181818182
2012.0085267645666, 28.400000000000013
2012.9559450497395, 29.309090909090912
2014.0170535291331, 30.2909090909091
2015.04026527712, 31.199999999999996
2016.0255802936997, 31.890909090909087
2016.9729985788726, 32.5090909090909
2017.9962103268592, 33.16363636363636
2018.9815253434392, 33.709090909090904
2019.966840360019, 34.18181818181817
2020.9900521080058, 34.47272727272726
2022.0132638559924, 34.69090909090908
2023.0364756039792, 34.654545454545456
2023.9838938891521, 34.43636363636364
2025.0071056371387, 34.18181818181817
2026.0303173851255, 33.92727272727273
2027.0156324017053, 33.56363636363636
2028.0009474182853, 33.38181818181818
2029.0431075319755, 32.981818181818184
2030.0094741828518, 32.29090909090908
2030.9568924680245, 31.05454545454545
2031.9801042160113, 29.709090909090904
2032.965419232591, 28.509090909090904
2033.988630980578, 27.418181818181818
2035.0497394599715, 26.109090909090906
2035.9592610137377, 24.981818181818177
2037.0203694931313, 23.745454545454542
2038.005684509711, 22.654545454545445
2038.9909995262908, 21.63636363636363
2040.0142112742776, 20.618181818181817
2040.9616295594506, 19.745454545454542
2042.0227380388442, 18.799999999999994
2042.9701563240171, 17.85454545454544
2044.0312648034107, 16.72727272727272
2045.0165798199905, 15.854545454545455
2045.9639981051635, 15.018181818181816
2047.025106584557, 14.145454545454548
2047.97252486973, 13.454545454545457
2048.95783988631, 13.709090909090914
2050.0189483657036, 14.109090909090916
2051.004263382283, 14.400000000000006
2052.02747513027, 14.690909090909095
2052.974893415443, 14.945454545454542
2054.0360018948368, 15.199999999999996
2055.0213169114163, 14.290909090909079
2056.0066319279963, 13.418181818181814
2056.9729985788726, 12.6181818181818
